FECHA;HORA;AUTOPISTA;BANDA y/o RAMAL;PK;CONDICIONES METEOROLÓGICAS;SUPERFICIE DE LA VIA;LESIONADOS;FALLECIDOS;TIPO DE SINIESTRO;MOTO;LVIANO;BUS;CAMION
2022-06-01;14;AU 25 DE MAYO;ASCENDENTE;400;BUENO;SECA;0;0;OBSTACULO NO FIJO;1;1;0;0
2022-06-02;7;AU 25 DE MAYO;ASCENDENTE;6400;BUENO;SECA;1;0;SINIESTRO DE UN SOLO VEHICULO / SIN COLISION;1;0;0;0
2022-06-02;7;AU ILLIA;ASCENDENTE;2500;BUENO;SECA;0;0;OBSTACULO NO FIJO;0;0;0;1
2022-06-02;17;AU FRONDIZI;DESCENDENTE;1500;BUENO;SECA;0;0;COLISION CON DOS O MAS VEHICULOS;0;3;0;0
2022-06-02;17;AU PERITO MORENO;DESCENDENTE;500;BUENO;SECA;1;0;COLISION CON DOS O MAS VEHICULOS;1;0;0;1
2022-06-03;1;AU PERITO MORENO;DESCENDENTE;100;BUENO;SECA;1;0;COLISION CON OBSTACULO FIJO;0;1;0;0
2022-06-03;12;AU 25 DE MAYO;ASCENDENTE;3800;BUENO;SECA;1;0;COLISION CON DOS O MAS VEHICULOS;0;0;1;1
2022-06-03;12;AU DELLEPIANE;ASCENDENTE;3200;BUENO;SECA;1;0;COLISION CON DOS O MAS VEHICULOS;1;3;0;0
2022-06-03;13;AU DELLEPIANE;ASCENDENTE;100;BUENO;SECA;0;0;COLISION CON DOS O MAS VEHICULOS;0;4;0;0
2022-06-03;15;AU 25 DE MAYO;ASCENDENTE;4500;BUENO;SECA;0;0;COLISION CON DOS O MAS VEHICULOS;0;0;1;0
2022-06-04;0;AV. LUGONES;DESCENDENTE;5200;BUENO;SECA;0;0;OBSTACULO NO FIJO;0;1;0;0
2022-06-04;1;AU 25 DE MAYO;DESCENDENTE;3900;BUENO;SECA;0;0;COLISION CON OBSTACULO FIJO;0;1;0;0
2022-06-04;7;AU 25 DE MAYO;ASCENDENTE;4000;BUENO;SECA;1;1;SINIESTRO DE UN SOLO VEHICULO / SIN COLISION;1;0;0;0
2022-06-04;9;AU PERITO MORENO;ASCENDENTE;4000;BUENO;SECA;1;0;COLISION CON OBSTACULO FIJO;0;1;0;0
2022-06-04;16;TRANSICION RAMAL 1;RAMAL DE EGRESO;-;BUENO;SECA;0;0;COLISION CON OBSTACULO FIJO;0;1;0;0
2022-06-04;23;AV. LUGONES;DESCENDENTE;5300;BUENO;SECA;0;0;COLISION CON DOS O MAS VEHICULOS;0;2;0;0
2022-06-05;4;AU DELLEPIANE;DESCENDENTE;3500;BUENO;SECA;1;0;SINIESTRO DE UN SOLO VEHICULO / SIN COLISION;1;0;0;0
2022-06-06;12;AU PERITO MORENO;ASCENDENTE;4200;BUENO;SECA;1;0;SINIESTRO DE UN SOLO VEHICULO / SIN COLISION;1;0;0;0
2022-06-06;18;AU 25 DE MAYO;ASCENDENTE;3300;BUENO;SECA;0;0;SINIESTRO DE UN SOLO VEHICULO / SIN COLISION;1;0;0;0
2022-06-07;18;AU PERITO MORENO;DESCENDENTE;5400;BUENO;SECA;0;0;COLISION CON DOS O MAS VEHICULOS;1;1;0;0
2022-06-08;8;AU PERITO MORENO;ASCENDENTE;1500;BUENO;SECA;0;0;OBSTACULO NO FIJO;0;1;0;0
2022-06-08;12;AU FRONDIZI;ASCENDENTE;1500;BUENO;SECA;0;0;COLISION CON DOS O MAS VEHICULOS;0;1;0;1
2022-06-08;13;AU 25 DE MAYO;DESCENDENTE;9000;BUENO;SECA;1;1;COLISION CON DOS O MAS VEHICULOS;2;0;0;1
2022-06-08;19;PASEO DEL BAJO;ASCENDENTE;6200;BUENO;SECA;0;0;OBSTACULO NO FIJO;0;0;0;1
2022-06-08;20;PASEO DEL BAJO;ASCENDENTE;1700;BUENO;SECA;0;0;OBSTACULO NO FIJO;0;0;0;1
2022-06-09;17;AU PERITO MORENO;ASCENDENTE;1200;BUENO;SECA;0;0;COLISION CON DOS O MAS VEHICULOS;1;1;0;0
2022-06-10;1;AU DELLEPIANE;DESCENDENTE;3300;BUENO;SECA;0;0;COLISION CON OBSTACULO FIJO;0;1;0;0
2022-06-10;9;AU PERITO MORENO;ASCENDENTE;5400;BUENO;SECA;0;0;OBSTACULO NO FIJO;0;1;0;0
2022-06-11;6;AU PERITO MORENO;ASCENDENTE;5400;BUENO;SECA;0;0;COLISION CON DOS O MAS VEHICULOS;0;2;0;0
2022-06-11;11;AU PERITO MORENO;ASCENDENTE;5400;BUENO;SECA;0;0;COLISION CON OBSTACULO FIJO;1;0;0;0
2022-06-13;5;PASEO DEL BAJO;ASCENDENTE;3500;BUENO;SECA;0;0;COLISION CON OBSTACULO FIJO;0;0;0;1
2022-06-13;6;AU DELLEPIANE;ASCENDENTE;2300;BUENO;SECA;0;0;COLISION CON DOS O MAS VEHICULOS;1;1;0;0
2022-06-13;9;AU 25 DE MAYO;DESCENDENTE;4400;BUENO;SECA;1;0;COLISION CON DOS O MAS VEHICULOS;1;1;0;0
2022-06-13;12;AU 25 DE MAYO;ASCENDENTE;9000;BUENO;SECA;0;0;COLISION CON DOS O MAS VEHICULOS;0;0;0;2
2022-06-13;18;AU 25 DE MAYO;DESCENDENTE;9200;BUENO;SECA;0;0;COLISION CON OBSTACULO FIJO;0;1;0;0
2022-06-13;20;AU PERITO MORENO;ASCENDENTE;5400;BUENO;SECA;0;0;COLISION CON OBSTACULO FIJO;0;0;1;0
2022-06-14;19;AU PERITO MORENO;DESCENDENTE;5400;BUENO;SECA;1;0;COLISION CON DOS O MAS VEHICULOS;1;0;1;0
2022-06-15;5;AU ILLIA;ASCENDENTE;800;BUENO;SECA;0;1;COLISION CON OBSTACULO FIJO;1;0;0;0
2022-06-15;6;AU ILLIA;ASCENDENTE;800;BUENO;SECA;0;0;SINIESTRO DE UN SOLO VEHICULO / SIN COLISION;1;0;0;0
2022-06-15;18;AU PERITO MORENO;DESCENDENTE;5500;BUENO;SECA;0;0;COLISION CON DOS O MAS VEHICULOS;0;2;0;0
2022-06-16;2;AU PERITO MORENO;ASCENDENTE;1800;BUENO;SECA;0;0;COLISION CON OBSTACULO FIJO;0;1;0;0
2022-06-16;10;AV. LUGONES;DESCENDENTE;4000;BUENO;SECA;0;0;COLISION CON DOS O MAS VEHICULOS;0;3;0;0
2022-06-16;12;AU ILLIA;DESCENDENTE;3800;BUENO;SECA;0;0;COLISION CON DOS O MAS VEHICULOS;0;2;0;1
2022-06-16;13;AU 25 DE MAYO;DESCENDENTE;5000;BUENO;SECA;0;0;COLISION CON DOS O MAS VEHICULOS;1;1;0;0
2022-06-17;15;AU ILLIA;DESCENDENTE;3500;BUENO;SECA;0;0;OBSTACULO NO FIJO;0;1;0;0
2022-06-17;19;AU ILLIA;DESCENDENTE;3300;BUENO;SECA;0;0;COLISION CON DOS O MAS VEHICULOS;0;1;0;1
2022-06-17;19;AU 25 DE MAYO;DESCENDENTE;6100;BUENO;SECA;2;0;OBSTACULO NO FIJO;0;2;0;0
2022-06-18;22;AV. CANTILO;ASCENDENTE;10100;BUENO;SECA;2;0;COLISION CON OBSTACULO FIJO;0;1;0;0
2022-06-20;20;AU DELLEPIANE;DESCENDENTE;800;BUENO;OTRA;0;0;COLISION CON DOS O MAS VEHICULOS;0;2;0;0
2022-06-21;13;AU PERITO MORENO;DESCENDENTE;4000;BUENO;SECA;1;0;COLISION CON DOS O MAS VEHICULOS;0;2;0;1
2022-06-21;14;AU DELLEPIANE;DESCENDENTE;300;BUENO;SECA;1;0;COLISION CON DOS O MAS VEHICULOS;0;3;0;0
2022-06-21;18;AU 25 DE MAYO;DESCENDENTE;5200;BUENO;SECA;0;0;COLISION CON DOS O MAS VEHICULOS;0;2;0;1
2022-06-23;10;AU PERITO MORENO;DESCENDENTE;5700;BUENO;SECA;1;0;COLISION CON OBSTACULO FIJO;0;0;0;1
2022-06-23;21;AU 25 DE MAYO;DESCENDENTE;3500;BUENO;SECA;0;0;COLISION CON DOS O MAS VEHICULOS;0;2;0;0
2022-06-24;10;AU 25 DE MAYO;ASCENDENTE;0;BUENO;SECA;0;0;COLISION CON DOS O MAS VEHICULOS;0;1;0;1
2022-06-24;15;AV. CANTILO;ASCENDENTE;8000;BUENO;SECA;0;0;COLISION CON DOS O MAS VEHICULOS;0;2;0;0
2022-06-24;15;AU PERITO MORENO;ASCENDENTE;3500;BUENO;SECA;0;0;OBSTACULO NO FIJO;0;1;0;0
2022-06-24;22;AU FRONDIZI;DESCENDENTE;2000;BUENO;SECA;0;0;COLISION CON DOS O MAS VEHICULOS;0;1;0;0
2022-06-25;18;AU ILLIA;DESCENDENTE;2500;BUENO;SECA;0;0;COLISION CON DOS O MAS VEHICULOS;1;1;0;0
2022-06-25;19;AU PERITO MORENO;ASCENDENTE;2900;BUENO;SECA;0;0;COLISION CON OBSTACULO FIJO;0;1;0;0
2022-06-27;6;AU PERITO MORENO;ASCENDENTE;3000;BUENO;SECA;0;0;OBSTACULO NO FIJO;0;4;0;0
2022-06-27;19;AU PERITO MORENO;DESCENDENTE;3000;BUENO;SECA;0;0;OBSTACULO NO FIJO;0;7;0;0
2022-06-27;21;AV. CANTILO;ASCENDENTE;8800;BUENO;SECA;0;0;OBSTACULO NO FIJO;0;1;0;0
2022-06-28;10;AU ILLIA;DESCENDENTE;1600;BUENO;SECA;0;0;COLISION CON DOS O MAS VEHICULOS;1;1;0;0
2022-06-28;19;AU 25 DE MAYO;DESCENDENTE;3600;BUENO;SECA;0;0;OBSTACULO NO FIJO;0;1;1;0
2022-06-29;7;AU 25 DE MAYO;ASCENDENTE;4700;BUENO;SECA;0;0;COLISION CON DOS O MAS VEHICULOS;0;2;0;0
2022-06-29;10;AU DELLEPIANE;ASCENDENTE;3700;BUENO;SECA;0;0;COLISION CON DOS O MAS VEHICULOS;0;4;0;0
2022-06-29;14;AU DELLEPIANE;ASCENDENTE;3100;BUENO;SECA;0;0;COLISION CON DOS O MAS VEHICULOS;0;2;0;0
2022-06-30;7;AU PERITO MORENO;DESCENDENTE;500;BUENO;OTRA;0;0;OBSTACULO NO FIJO;0;3;0;0
2022-06-30;15;AU PERITO MORENO;DESCENDENTE;1300;BUENO;SECA;0;0;OBSTACULO NO FIJO;0;2;0;1
2022-08-01;11;AU FRONDIZI;DESCENDENTE;2300;BUENO;SECA;0;0;COLISION CON DOS O MAS VEHICULOS;0;2;0;1
2022-08-02;3;AU PERITO MORENO;DESCENDENTE;400;BUENO;SECA;0;0;COLISION CON OBSTACULO FIJO;0;1;0;0
2022-08-03;10;AV. LUGONES;DESCENDENTE;9800;BUENO;MOJADA/HUMEDA;0;0;COLISION CON DOS O MAS VEHICULOS;0;1;0;0
2022-08-03;12;AV. CANTILO;ASCENDENTE;7600;BUENO;MOJADA/HUMEDA;1;0;COLISION CON DOS O MAS VEHICULOS;1;1;0;0
2022-08-04;7;AU 25 DE MAYO;ASCENDENTE;2800;BUENO;SECA;0;0;COLISION CON DOS O MAS VEHICULOS;1;1;0;0
2022-08-04;13;AU DELLEPIANE;ASCENDENTE;4400;BUENO;SECA;0;0;COLISION CON DOS O MAS VEHICULOS;1;1;0;0
2022-08-04;16;AU FRONDIZI;DESCENDENTE;2100;BUENO;SECA;1;0;COLISION CON DOS O MAS VEHICULOS;0;1;0;1
2022-08-04;17;AU FRONDIZI;ASCENDENTE;1500;BUENO;SECA;1;0;COLISION CON DOS O MAS VEHICULOS;1;1;0;0
2022-08-04;19;AU CAMPORA;DESCENDENTE;2500;BUENO;SECA;1;0;COLISION CON OBSTACULO FIJO;0;1;0;0
2022-08-04;22;AU PERITO MORENO;DESCENDENTE;5700;BUENO;SECA;0;0;COLISION CON DOS O MAS VEHICULOS;0;1;0;0
2022-08-05;21;AU 25 DE MAYO;ASCENDENTE;9100;BUENO;SECA;1;0;COLISION CON DOS O MAS VEHICULOS;0;2;0;0
2022-08-06;12;AU 25 DE MAYO;ASCENDENTE;2800;BUENO;SECA;3;0;COLISION CON DOS O MAS VEHICULOS;0;2;0;0
2022-08-06;14;AU PERITO MORENO;DESCENDENTE;1800;BUENO;SECA;0;0;COLISION CON DOS O MAS VEHICULOS;0;5;0;0
2022-08-07;21;AU 25 DE MAYO;DESCENDENTE;8700;BUENO;SECA;0;0;COLISION CON DOS O MAS VEHICULOS;0;1;0;0
2022-08-09;11;AU DELLEPIANE;ASCENDENTE;4400;BUENO;SECA;0;0;COLISION CON OBSTACULO FIJO;1;0;0;0
2022-08-09;13;AU 25 DE MAYO;ASCENDENTE;5500;BUENO;SECA;1;0;COLISION CON DOS O MAS VEHICULOS;1;1;0;0
2022-08-09;17;AV. LUGONES;DESCENDENTE;4500;BUENO;SECA;1;0;COLISION CON DOS O MAS VEHICULOS;1;0;1;0
2022-08-10;12;AU ILLIA;ASCENDENTE;6500;BUENO;OTRA;1;0;COLISION CON OBSTACULO FIJO;1;0;0;0
2022-08-10;16;AU 25 DE MAYO;ASCENDENTE;9200;BUENO;SECA;0;0;COLISION CON DOS O MAS VEHICULOS;0;1;0;0
2022-08-11;8;AV. LUGONES;DESCENDENTE;8600;BUENO;SECA;1;0;COLISION CON DOS O MAS VEHICULOS;1;0;0;1
2022-08-12;19;AU DELLEPIANE;DESCENDENTE;3600;BUENO;SECA;0;0;COLISION CON DOS O MAS VEHICULOS;0;2;0;0
2022-08-13;12;AU DELLEPIANE;DESCENDENTE;1600;BUENO;SECA;0;0;COLISION CON DOS O MAS VEHICULOS;0;1;0;0
2022-08-13;17;AU DELLEPIANE;ASCENDENTE;3600;BUENO;SECA;1;0;OBSTACULO NO FIJO;1;0;0;0
2022-08-13;21;AV. CANTILO;ASCENDENTE;9800;BUENO;SECA;0;0;OBSTACULO NO FIJO;0;3;0;0
2022-08-14;6;AV. LUGONES;DESCENDENTE;6000;BUENO;SECA;1;0;COLISION CON DOS O MAS VEHICULOS;0;2;0;0
2022-08-14;12;AV. CANTILO;ASCENDENTE;10400;BUENO;SECA;0;0;COLISION CON DOS O MAS VEHICULOS;0;2;0;0
2022-08-14;12;AU 25 DE MAYO;DESCENDENTE;2500;BUENO;SECA;0;0;COLISION CON DOS O MAS VEHICULOS;1;1;0;0
2022-08-15;8;AU FRONDIZI;ASCENDENTE;2000;BUENO;MOJADA/HUMEDA;2;0;COLISION CON OBSTACULO FIJO;0;1;0;0
2022-08-15;9;AU ILLIA;ASCENDENTE;2400;BUENO;SECA;1;0;SINIESTRO DE UN SOLO VEHICULO / SIN COLISION;1;0;0;0
2022-08-16;12;AU PERITO MORENO;DESCENDENTE;1000;BUENO;SECA;1;0;COLISION CON DOS O MAS VEHICULOS;1;1;0;0
2022-08-16;15;AU ILLIA;ASCENDENTE;3600;BUENO;SECA;0;0;OBSTACULO NO FIJO;0;1;0;0
2022-08-16;15;AU FRONDIZI;DESCENDENTE;1800;BUENO;SECA;0;0;COLISION CON DOS O MAS VEHICULOS;0;0;1;0
2022-08-16;20;AU 25 DE MAYO;DESCENDENTE;7700;BUENO;SECA;0;0;OBSTACULO NO FIJO;0;3;0;0
2022-08-17;10;AU FRONDIZI;DESCENDENTE;1800;LLUVIOSO;MOJADA/HUMEDA;1;0;SINIESTRO DE UN SOLO VEHICULO / SIN COLISION;1;0;0;0
2022-08-17;14;AU PERITO MORENO;ASCENDENTE;100;BUENO;SECA;1;0;COLISION CON DOS O MAS VEHICULOS;1;1;0;0
2022-08-17;15;AU 25 DE MAYO;DESCENDENTE;1000;BUENO;SECA;0;0;COLISION CON DOS O MAS VEHICULOS;1;1;0;0
2022-08-18;7;AU DELLEPIANE;ASCENDENTE;600;BUENO;SECA;1;0;COLISION CON DOS O MAS VEHICULOS;1;1;0;0
2022-08-18;13;AV. LUGONES;DESCENDENTE;10000;BUENO;SECA;0;0;COLISION CON DOS O MAS VEHICULOS;0;3;0;0
2022-08-19;10;AU 25 DE MAYO;ASCENDENTE;4500;BUENO;SECA;1;0;COLISION CON DOS O MAS VEHICULOS;1;0;0;1
2022-08-19;19;AU DELLEPIANE;DESCENDENTE;2600;BUENO;SECA;0;0;COLISION CON DOS O MAS VEHICULOS;0;3;0;0
2022-08-20;0;AU 25 DE MAYO;DESCENDENTE;2800;BUENO;SECA;0;0;COLISION CON DOS O MAS VEHICULOS;0;2;0;0
2022-08-20;1;AU 25 DE MAYO;DESCENDENTE;9000;BUENO;SECA;0;0;OBSTACULO NO FIJO;0;1;0;0
2022-08-20;5;AU CAMPORA;ASCENDENTE;2300;BUENO;SECA;0;0;COLISION CON OBSTACULO FIJO;0;1;0;0
2022-08-20;14;AU DELLEPIANE;DESCENDENTE;2700;BUENO;SECA;0;0;COLISION CON DOS O MAS VEHICULOS;0;2;0;0
2022-08-21;0;TRANSICION RAMAL 2;RAMAL DE ENLACE;-;BUENO;SECA;0;0;COLISION CON OBSTACULO FIJO;0;1;0;0
2022-08-21;7;AU 25 DE MAYO;DESCENDENTE;5500;BUENO;SECA;0;0;COLISION CON DOS O MAS VEHICULOS;0;2;0;0
2022-08-22;6;AU DELLEPIANE;ASCENDENTE;3400;BUENO;SECA;2;0;COLISION CON DOS O MAS VEHICULOS;1;1;0;0
2022-08-22;14;AU PERITO MORENO;ASCENDENTE;4600;BUENO;SECA;1;0;COLISION CON DOS O MAS VEHICULOS;0;1;0;1
2022-08-22;17;AU 25 DE MAYO;DESCENDENTE;800;BUENO;SECA;1;0;COLISION CON DOS O MAS VEHICULOS;1;0;0;0
2022-08-22;18;AU 25 DE MAYO;DESCENDENTE;7000;BUENO;SECA;1;0;COLISION CON OBSTACULO FIJO;0;1;0;0
2022-08-23;7;AU 25 DE MAYO;ASCENDENTE;3500;BUENO;SECA;0;0;COLISION CON DOS O MAS VEHICULOS;1;1;0;0
2022-08-23;15;AU ILLIA;ASCENDENTE;2400;BUENO;SECA;1;0;COLISION CON DOS O MAS VEHICULOS;1;1;0;0
2022-08-23;21;AV. LUGONES;DESCENDENTE;7600;BUENO;SECA;0;0;COLISION CON DOS O MAS VEHICULOS;0;3;0;0
2022-08-24;8;AU DELLEPIANE;ASCENDENTE;4000;BUENO;SECA;1;0;COLISION CON DOS O MAS VEHICULOS;1;1;0;0
2022-08-24;20;AU DELLEPIANE;DESCENDENTE;1000;BUENO;SECA;0;0;OBSTACULO NO FIJO;0;1;0;0
2022-08-25;1;PASEO DEL BAJO;DIST. SUR - RAMAL 1;-;BUENO;SECA;0;0;COLISION CON OBSTACULO FIJO;0;1;0;0
2022-08-25;6;AU PERITO MORENO;ASCENDENTE;4500;BUENO;SECA;0;0;OBSTACULO NO FIJO;0;1;0;0
2022-08-25;18;AU ILLIA;ASCENDENTE;5300;BUENO;SECA;1;0;COLISION CON DOS O MAS VEHICULOS;1;1;0;0
2022-08-26;7;AU ILLIA;DESCENDENTE;4000;NIEBLA, BRUMA O HUMO;MOJADA/HUMEDA;0;0;OBSTACULO NO FIJO;0;6;0;0
2022-08-26;13;AU ILLIA;ASCENDENTE;6500;BUENO;SECA;0;0;OBSTACULO NO FIJO;0;1;0;0
2022-08-26;14;AU 25 DE MAYO;DESCENDENTE;2100;BUENO;SECA;0;0;COLISION CON DOS O MAS VEHICULOS;0;4;0;0
2022-08-26;23;AV. CANTILO;ASCENDENTE;10300;LLUVIOSO;MOJADA/HUMEDA;0;0;SINIESTRO DE UN SOLO VEHICULO / SIN COLISION;1;0;0;0
2022-08-27;7;AU DELLEPIANE;ASCENDENTE;2400;BUENO;MOJADA/HUMEDA;1;0;SINIESTRO DE UN SOLO VEHICULO / SIN COLISION;1;0;0;0
2022-08-27;8;AU DELLEPIANE;DESCENDENTE;4600;BUENO;MOJADA/HUMEDA;1;0;COLISION CON DOS O MAS VEHICULOS;0;3;0;0
2022-08-27;21;AU 25 DE MAYO;DESCENDENTE;7700;BUENO;SECA;1;0;COLISION CON DOS O MAS VEHICULOS;1;1;0;0
2022-08-28;0;AU ILLIA;ASCENDENTE;3900;BUENO;SECA;0;0;COLISION CON DOS O MAS VEHICULOS;0;0;1;1
2022-08-28;1;AU FRONDIZI;ASCENDENTE;2500;BUENO;SECA;0;0;COLISION CON DOS O MAS VEHICULOS;0;2;0;0
2022-08-28;8;AV. LUGONES;DESCENDENTE;4800;BUENO;SECA;0;0;COLISION CON OBSTACULO FIJO;0;1;0;0
2022-08-28;19;AV. CANTILO;ASCENDENTE;10400;BUENO;SECA;0;0;COLISION CON DOS O MAS VEHICULOS;0;1;0;0
2022-08-29;9;AU PERITO MORENO;DESCENDENTE;5300;BUENO;SECA;0;0;COLISION CON DOS O MAS VEHICULOS;0;1;0;1
2022-08-29;12;AU DELLEPIANE;ASCENDENTE;2600;BUENO;SECA;0;0;OBSTACULO NO FIJO;0;1;0;1
2022-08-30;9;AU ILLIA;DESCENDENTE;1000;BUENO;SECA;0;0;COLISION CON DOS O MAS VEHICULOS;0;4;0;0
2022-08-30;18;AV. CANTILO;ASCENDENTE;8600;BUENO;SECA;0;0;COLISION CON DOS O MAS VEHICULOS;1;1;0;0
2022-08-31;15;DIST. 9 DE JULIO;RAMAL 2 BIS;-;BUENO;SECA;0;0;COLISION CON OBSTACULO FIJO;1;0;0;0
2022-09-02;5;AU PERITO MORENO;DESCENDENTE;4000;BUENO;SECA;0;0;COLISION CON OBSTACULO FIJO;0;1;0;0
2022-09-02;6;AU 25 DE MAYO;DESCENDENTE;9100;BUENO;SECA;1;0;COLISION CON DOS O MAS VEHICULOS;1;0;0;0
2022-09-02;11;AU FRONDIZI;ASCENDENTE;1400;BUENO;SECA;1;0;SINIESTRO DE UN SOLO VEHICULO / SIN COLISION;1;0;0;0
2022-09-03;5;AU FRONDIZI;DESCENDENTE;2800;BUENO;SECA;0;0;COLISION CON OBSTACULO FIJO;0;1;0;0
2022-09-03;10;AU 25 DE MAYO;DESCENDENTE;5500;BUENO;SECA;0;0;OBSTACULO NO FIJO;0;1;0;0
2022-09-03;11;AV. LUGONES;DESCENDENTE;8500;BUENO;SECA;2;0;SINIESTRO DE UN SOLO VEHICULO / SIN COLISION;1;0;0;0
2022-09-04;21;AV. CANTILO;ASCENDENTE;8500;BUENO;SECA;0;0;OBSTACULO NO FIJO;0;1;0;0
2022-09-04;22;AV. LUGONES;DESCENDENTE;4600;BUENO;SECA;6;0;OBSTACULO NO FIJO;0;3;0;0
2022-09-05;1;AU 25 DE MAYO;DESCENDENTE;5700;BUENO;SECA;1;0;SINIESTRO DE UN SOLO VEHICULO / SIN COLISION;1;0;0;0
2022-09-05;14;AU CAMPORA;DESCENDENTE;3400;BUENO;SECA;1;0;SINIESTRO DE UN SOLO VEHICULO / SIN COLISION;1;0;0;0
2022-09-06;6;AU DELLEPIANE;ASCENDENTE;3500;BUENO;SECA;0;0;OBSTACULO NO FIJO;0;1;0;0
2022-09-07;8;AV. LUGONES;DESCENDENTE;8800;BUENO;SECA;1;0;COLISION CON DOS O MAS VEHICULOS;0;3;0;0
2022-09-07;14;AU 25 DE MAYO;DESCENDENTE;9000;BUENO;SECA;0;0;SINIESTRO DE UN SOLO VEHICULO / SIN COLISION;1;0;0;0
2022-09-07;15;AU 25 DE MAYO;DESCENDENTE;8100;BUENO;SECA;1;0;COLISION CON DOS O MAS VEHICULOS;1;0;0;0
2022-09-07;17;PTE. SCALABRINI ORTIZ;-;-;BUENO;SECA;1;0;COLISION CON DOS O MAS VEHICULOS;1;1;0;0
2022-09-07;18;AV. LUGONES;DESCENDENTE;6000;BUENO;SECA;1;0;COLISION CON DOS O MAS VEHICULOS;1;1;0;0
2022-09-07;18;AU PERITO MORENO;ASCENDENTE;1600;BUENO;SECA;2;0;COLISION CON OBSTACULO FIJO;0;2;0;0
2022-09-07;22;AU PERITO MORENO;DESCENDENTE;5700;BUENO;SECA;0;0;OBSTACULO NO FIJO;0;2;0;0
2022-09-08;1;AU DELLEPIANE;DESCENDENTE;0;BUENO;SECA;0;0;COLISION CON DOS O MAS VEHICULOS;0;2;0;0
2022-09-08;1;AU PERITO MORENO;ASCENDENTE;2200;BUENO;SECA;0;0;COLISION CON OBSTACULO FIJO;0;1;0;0
2022-09-08;13;AV. LUGONES;DESCENDENTE;4500;BUENO;SECA;0;0;COLISION CON DOS O MAS VEHICULOS;0;2;0;0
2022-09-09;9;AU 25 DE MAYO;ASCENDENTE;3500;BUENO;SECA;1;0;COLISION CON DOS O MAS VEHICULOS;1;1;0;0
2022-09-09;18;AV. CANTILO;ASCENDENTE;10000;BUENO;SECA;1;0;COLISION CON DOS O MAS VEHICULOS;1;1;0;0
2022-09-10;5;AU ILLIA;DESCENDENTE;1400;BUENO;SECA;0;0;COLISION CON DOS O MAS VEHICULOS;0;3;0;0
2022-09-10;14;TRANSICION RAMAL 3;RAMAL DE ENLACE;-;BUENO;SECA;1;0;COLISION CON OBSTACULO FIJO;1;0;0;0
2022-09-11;7;AU 25 DE MAYO;ASCENDENTE;2800;BUENO;SECA;0;0;COLISION CON DOS O MAS VEHICULOS;0;1;0;0
2022-09-12;3;AU CAMPORA;DESCENDENTE;1500;BUENO;SECA;0;0;COLISION CON OBSTACULO FIJO;0;1;0;0
2022-09-12;7;AU DELLEPIANE;ASCENDENTE;400;BUENO;SECA;14;0;COLISION CON DOS O MAS VEHICULOS;0;1;1;1
2022-09-12;19;AV. LUGONES;DESCENDENTE;4200;BUENO;SECA;1;0;OTRO;1;0;0;0
2022-09-13;8;AU PERITO MORENO;DESCENDENTE;5400;BUENO;SECA;0;0;COLISION CON DOS O MAS VEHICULOS;1;1;0;1
2022-09-13;16;AU DELLEPIANE;DESCENDENTE;1600;BUENO;SECA;1;0;COLISION CON DOS O MAS VEHICULOS;1;1;0;0
2022-09-13;17;AV. LUGONES;DESCENDENTE;4300;BUENO;SECA;0;0;COLISION CON DOS O MAS VEHICULOS;0;0;0;1
2022-09-13;18;AU 25 DE MAYO;DESCENDENTE;5400;BUENO;SECA;0;0;COLISION CON DOS O MAS VEHICULOS;0;2;0;0
2022-09-14;8;AU 25 DE MAYO;ASCENDENTE;2900;BUENO;SECA;0;0;COLISION CON DOS O MAS VEHICULOS;1;1;0;0
2022-09-14;10;AU ILLIA;ASCENDENTE;500;BUENO;SECA;1;0;COLISION CON DOS O MAS VEHICULOS;1;0;0;0
2022-09-14;11;AV. LUGONES;DESCENDENTE;10300;BUENO;SECA;0;0;COLISION CON DOS O MAS VEHICULOS;0;1;0;1
2022-09-14;12;AU DELLEPIANE;ASCENDENTE;1000;BUENO;SECA;0;0;COLISION CON DOS O MAS VEHICULOS;0;4;0;0
2022-09-14;15;AU DELLEPIANE;DESCENDENTE;2400;BUENO;SECA;0;0;COLISION CON DOS O MAS VEHICULOS;0;1;0;1
2022-09-14;17;AU 25 DE MAYO;DESCENDENTE;1900;BUENO;SECA;2;0;OBSTACULO NO FIJO;3;1;0;0
2022-09-14;19;AU ILLIA;ASCENDENTE;6400;BUENO;SECA;0;0;COLISION CON DOS O MAS VEHICULOS;0;2;0;0
2022-09-14;22;AU ILLIA;ASCENDENTE;2900;BUENO;SECA;0;0;OBSTACULO NO FIJO;0;1;0;0
2022-09-15;5;AU 25 DE MAYO;DESCENDENTE;4700;BUENO;SECA;0;0;COLISION CON DOS O MAS VEHICULOS;0;1;0;1
2022-09-15;8;AU PERITO MORENO;ASCENDENTE;5000;BUENO;SECA;0;0;COLISION CON DOS O MAS VEHICULOS;1;0;0;1
2022-09-15;9;AU DELLEPIANE;ASCENDENTE;3400;BUENO;SECA;1;0;COLISION CON DOS O MAS VEHICULOS;0;3;0;0
2022-09-15;15;AU DELLEPIANE;ASCENDENTE;4600;BUENO;SECA;1;0;COLISION CON DOS O MAS VEHICULOS;1;1;0;0
2022-09-15;16;AV. CANTILO;ASCENDENTE;8600;BUENO;SECA;0;0;COLISION CON DOS O MAS VEHICULOS;0;1;0;0
2022-09-16;1;AU 25 DE MAYO;ASCENDENTE;7900;BUENO;SECA;1;0;SINIESTRO DE UN SOLO VEHICULO / SIN COLISION;1;0;0;0
2022-09-16;14;AU 25 DE MAYO;DESCENDENTE;9200;BUENO;SECA;0;0;COLISION CON DOS O MAS VEHICULOS;0;1;0;2
2022-09-17;8;AV. CANTILO;ASCENDENTE;8000;BUENO;SECA;0;0;COLISION CON OBSTACULO FIJO;0;1;0;0
2022-09-17;10;AU DELLEPIANE;DESCENDENTE;2800;BUENO;SECA;0;0;COLISION CON DOS O MAS VEHICULOS;0;4;0;0
2022-09-17;11;AU DELLEPIANE;ASCENDENTE;3600;BUENO;SECA;0;0;COLISION CON DOS O MAS VEHICULOS;0;2;0;0
2022-09-17;13;AU DELLEPIANE;DESCENDENTE;3200;BUENO;SECA;0;0;COLISION CON DOS O MAS VEHICULOS;0;1;0;0
2022-09-18;12;AU PERITO MORENO;ASCENDENTE;2800;BUENO;SECA;1;0;OBSTACULO NO FIJO;0;2;0;0
2022-09-18;12;AU ILLIA;DESCENDENTE;2400;BUENO;SECA;0;0;COLISION CON DOS O MAS VEHICULOS;0;2;0;0
2022-09-18;14;AU PERITO MORENO;ASCENDENTE;1600;BUENO;SECA;0;0;COLISION CON DOS O MAS VEHICULOS;0;1;0;0
2022-09-18;19;AU PERITO MORENO;ASCENDENTE;5400;BUENO;SECA;0;0;SINIESTRO DE UN SOLO VEHICULO / SIN COLISION;1;0;0;0
2022-09-19;6;AU PERITO MORENO;ASCENDENTE;5400;BUENO;SECA;0;0;COLISION CON OBSTACULO FIJO;0;1;0;0
2022-09-19;7;AU PERITO MORENO;DESCENDENTE;200;BUENO;SECA;2;0;COLISION CON DOS O MAS VEHICULOS;0;2;0;0
2022-09-19;8;PASEO DEL BAJO;DIST. SUR - RAMAL 2;800;BUENO;SECA;0;0;COLISION CON OBSTACULO FIJO;0;0;0;1
2022-09-19;14;AU FRONDIZI;DESCENDENTE;1800;BUENO;SECA;0;0;COLISION CON DOS O MAS VEHICULOS;0;1;1;1
2022-09-19;17;TRANSICION RAMAL 3;RAMAL DE ENLACE;-;BUENO;SECA;0;0;COLISION CON DOS O MAS VEHICULOS;0;1;0;1
2022-09-20;0;AU FRONDIZI;DESCENDENTE;3400;BUENO;SECA;0;0;OBSTACULO NO FIJO;0;1;0;0
2022-09-20;6;AU 25 DE MAYO;ASCENDENTE;8300;BUENO;SECA;1;0;COLISION CON DOS O MAS VEHICULOS;1;1;0;0
2022-09-20;7;AU DELLEPIANE;ASCENDENTE;2500;BUENO;SECA;1;0;COLISION CON DOS O MAS VEHICULOS;1;1;0;0
2022-09-20;7;AV. CANTILO;ASCENDENTE;10100;BUENO;SECA;1;0;COLISION CON DOS O MAS VEHICULOS;1;1;0;0
2022-09-20;9;AU ILLIA;DESCENDENTE;500;BUENO;SECA;0;0;COLISION CON DOS O MAS VEHICULOS;0;1;0;0
2022-09-20;10;AU PERITO MORENO;DESCENDENTE;4500;BUENO;SECA;0;0;COLISION CON DOS O MAS VEHICULOS;0;1;0;1
2022-09-21;6;AV. LUGONES;DESCENDENTE;10400;BUENO;SECA;1;0;COLISION CON DOS O MAS VEHICULOS;1;1;0;0
2022-09-22;11;AU DELLEPIANE;ASCENDENTE;2800;BUENO;SECA;0;0;COLISION CON DOS O MAS VEHICULOS;0;4;0;0
2022-09-22;13;AU CAMPORA;DESCENDENTE;1500;BUENO;SECA;0;0;COLISION CON DOS O MAS VEHICULOS;0;1;0;0
2022-09-22;13;AU PERITO MORENO;ASCENDENTE;5400;BUENO;SECA;0;0;COLISION CON OBSTACULO FIJO;0;1;0;0
2022-09-22;17;DIST. 9 DE JULIO;RAMAL 2 BIS;-;BUENO;SECA;1;0;COLISION CON OBSTACULO FIJO;1;0;0;0
2022-09-22;19;AU ILLIA;ASCENDENTE;5900;LLUVIOSO;MOJADA/HUMEDA;0;0;COLISION CON OBSTACULO FIJO;0;1;0;0
2022-09-22;20;AU PERITO MORENO;DESCENDENTE;2100;BUENO;SECA;0;0;COLISION CON DOS O MAS VEHICULOS;0;3;0;0
2022-09-23;0;AU FRONDIZI;DESCENDENTE;2400;BUENO;SECA;1;0;OBSTACULO NO FIJO;1;0;0;0
2022-09-23;10;AU DELLEPIANE;ASCENDENTE;900;BUENO;SECA;0;0;COLISION CON DOS O MAS VEHICULOS;0;1;0;0
2022-09-23;16;AU 25 DE MAYO;ASCENDENTE;8100;BUENO;SECA;0;0;COLISION CON DOS O MAS VEHICULOS;1;0;0;0
2022-09-23;18;AU DELLEPIANE;DESCENDENTE;2500;BUENO;SECA;1;0;COLISION CON DOS O MAS VEHICULOS;1;1;0;0
2022-09-23;20;AU DELLEPIANE;DESCENDENTE;2700;BUENO;SECA;0;0;COLISION CON DOS O MAS VEHICULOS;0;4;0;0
2022-09-24;5;AU ILLIA;ASCENDENTE;4500;BUENO;SECA;0;0;COLISION CON DOS O MAS VEHICULOS;0;1;0;1
2022-09-24;12;AU 25 DE MAYO;DESCENDENTE;7000;BUENO;SECA;0;0;COLISION CON DOS O MAS VEHICULOS;0;1;0;0
2022-09-24;21;AV. CANTILO;ASCENDENTE;8400;BUENO;SECA;1;0;COLISION CON DOS O MAS VEHICULOS;1;1;0;0
2022-09-26;7;AV. LUGONES;DESCENDENTE;9500;BUENO;SECA;0;0;COLISION CON DOS O MAS VEHICULOS;2;0;0;0
2022-09-27;1;AU 25 DE MAYO;ASCENDENTE;8700;BUENO;SECA;1;0;COLISION CON OBSTACULO FIJO;0;1;0;0
2022-09-27;9;AU 25 DE MAYO;DESCENDENTE;-;BUENO;SECA;0;0;COLISION CON DOS O MAS VEHICULOS;0;1;0;0
2022-09-27;9;DIST. DELLEPIANE;RAMAL 11;-;BUENO;SECA;0;0;COLISION CON DOS O MAS VEHICULOS;0;2;0;0
2022-09-27;10;PASEO DEL BAJO;DESCENDENTE;3200;BUENO;SECA;1;0;COLISION CON DOS O MAS VEHICULOS;0;0;0;2
2022-09-27;16;AU CAMPORA;DESCENDENTE;1000;BUENO;SECA;0;0;COLISION CON DOS O MAS VEHICULOS;0;1;0;0
2022-09-27;20;AU 25 DE MAYO;DESCENDENTE;8500;BUENO;SECA;0;0;COLISION CON DOS O MAS VEHICULOS;0;1;0;1
2022-09-28;7;AU PERITO MORENO;ASCENDENTE;0;BUENO;SECA;0;0;COLISION CON DOS O MAS VEHICULOS;0;1;0;0
2022-09-28;10;TRANSICION RAMAL 2;RAMAL DE ENLACE;-;BUENO;SECA;0;0;COLISION CON DOS O MAS VEHICULOS;0;3;0;0
2022-09-28;13;AU PERITO MORENO;ASCENDENTE;2300;BUENO;SECA;1;0;SINIESTRO DE UN SOLO VEHICULO / SIN COLISION;1;0;0;0
2022-09-28;18;AU FRONDIZI;ASCENDENTE;2300;BUENO;SECA;1;0;COLISION CON DOS O MAS VEHICULOS;1;0;1;0
2022-09-29;19;AU DELLEPIANE;DESCENDENTE;2500;BUENO;SECA;0;0;COLISION CON DOS O MAS VEHICULOS;0;3;0;0
2022-09-30;6;AU PERITO MORENO;ASCENDENTE;3100;BUENO;SECA;2;0;SINIESTRO DE UN SOLO VEHICULO / SIN COLISION;1;0;0;0
2022-09-30;11;AU PERITO MORENO;ASCENDENTE;1300;BUENO;SECA;1;0;COLISION CON DOS O MAS VEHICULOS;1;3;0;1
2022-09-30;11;AU 25 DE MAYO;ASCENDENTE;8200;BUENO;SECA;1;0;COLISION CON DOS O MAS VEHICULOS;0;1;0;1
2022-09-30;14;AU DELLEPIANE;ASCENDENTE;1900;BUENO;SECA;0;0;COLISION CON DOS O MAS VEHICULOS;0;1;0;0
2022-09-30;19;AU 25 DE MAYO;DESCENDENTE;3400;BUENO;SECA;1;0;COLISION CON DOS O MAS VEHICULOS;0;2;0;0
2022-09-30;21;AV. CANTILO;ASCENDENTE;9000;BUENO;SECA;0;0;SINIESTRO DE UN SOLO VEHICULO / SIN COLISION;1;0;0;0
2022-10-01;15;AU 25 DE MAYO;DESCENDENTE;1700;BUENO;SECA;1;0;COLISION CON DOS O MAS VEHICULOS;1;1;0;0
2022-10-01;19;AU CAMPORA;DESCENDENTE;3500;BUENO;SECA;0;0;OBSTACULO NO FIJO;0;2;0;0
2022-10-01;23;AU PERITO MORENO;DESCENDENTE;5400;BUENO;SECA;0;0;COLISION CON OBSTACULO FIJO;0;0;1;0
2022-10-02;1;AU PERITO MORENO;ASCENDENTE;5500;BUENO;SECA;0;0;OBSTACULO NO FIJO;0;2;0;0
2022-10-02;4;AU DELLEPIANE;ASCENDENTE;1100;BUENO;SECA;2;0;COLISION CON OBSTACULO FIJO;0;1;0;0
2022-10-02;18;AU PERITO MORENO;ASCENDENTE;3500;BUENO;SECA;1;0;COLISION CON DOS O MAS VEHICULOS;1;1;0;0
2022-10-03;9;AU 25 DE MAYO;DESCENDENTE;1900;BUENO;SECA;1;0;COLISION CON DOS O MAS VEHICULOS;0;1;0;1
2022-10-04;9;AU PERITO MORENO;ASCENDENTE;5600;BUENO;SECA;0;0;COLISION CON DOS O MAS VEHICULOS;0;2;0;0
2022-10-04;14;PASEO DEL BAJO;DIST. SUR - RAMAL 1;-;BUENO;SECA;0;0;COLISION CON OBSTACULO FIJO;0;0;0;1
2022-10-04;18;AV. LUGONES;DESCENDENTE;8300;BUENO;SECA;0;0;COLISION CON DOS O MAS VEHICULOS;0;2;0;0
2022-10-05;4;AV. LUGONES;DESCENDENTE;10300;BUENO;SECA;1;0;COLISION CON OBSTACULO FIJO;0;1;0;0
2022-10-05;9;AV. LUGONES;DESCENDENTE;4400;BUENO;SECA;0;0;COLISION CON DOS O MAS VEHICULOS;0;2;0;0
2022-10-05;10;AU ILLIA;DESCENDENTE;2500;BUENO;SECA;0;0;COLISION CON DOS O MAS VEHICULOS;1;1;0;0
2022-10-05;13;AU DELLEPIANE;DESCENDENTE;1500;BUENO;SECA;0;0;COLISION CON DOS O MAS VEHICULOS;0;2;0;0
2022-10-05;13;AU DELLEPIANE;DESCENDENTE;2400;BUENO;SECA;1;0;COLISION CON DOS O MAS VEHICULOS;1;1;0;0
2022-10-05;16;AV. CANTILO;ASCENDENTE;7900;BUENO;SECA;1;0;COLISION CON DOS O MAS VEHICULOS;1;0;0;1
2022-10-06;9;AU 25 DE MAYO;ASCENDENTE;4500;BUENO;SECA;1;0;COLISION CON DOS O MAS VEHICULOS;1;1;0;0
2022-10-06;17;AU 25 DE MAYO;DESCENDENTE;6100;BUENO;SECA;0;0;COLISION CON DOS O MAS VEHICULOS;0;1;0;0
2022-10-07;10;AU DELLEPIANE;DESCENDENTE;3700;BUENO;SECA;0;0;COLISION CON DOS O MAS VEHICULOS;0;4;0;0
2022-10-07;14;AV. CANTILO;ASCENDENTE;8200;BUENO;SECA;0;0;COLISION CON DOS O MAS VEHICULOS;0;2;0;0
2022-10-09;6;AU FRONDIZI;DESCENDENTE;900;BUENO;SECA;1;0;COLISION CON OBSTACULO FIJO;1;0;0;0
2022-10-10;1;AU 25 DE MAYO;ASCENDENTE;3500;BUENO;SECA;0;0;COLISION CON DOS O MAS VEHICULOS;0;2;0;0
2022-10-10;5;AV. LUGONES;DESCENDENTE;9700;BUENO;SECA;1;0;COLISION CON OBSTACULO FIJO;1;0;0;0
2022-10-11;10;AU DELLEPIANE;ASCENDENTE;300;BUENO;SECA;0;0;COLISION CON DOS O MAS VEHICULOS;0;3;0;0
2022-10-11;12;AU DELLEPIANE;ASCENDENTE;1000;BUENO;SECA;1;0;COLISION CON DOS O MAS VEHICULOS;1;1;0;0
2022-10-11;22;AV. CANTILO;ASCENDENTE;7500;BUENO;SECA;0;0;SINIESTRO DE UN SOLO VEHICULO / SIN COLISION;1;0;0;0
2022-10-12;8;AV. LUGONES;DESCENDENTE;6300;BUENO;SECA;0;0;COLISION CON DOS O MAS VEHICULOS;1;1;0;1
2022-10-12;9;AV. LUGONES;DESCENDENTE;7200;BUENO;SECA;0;0;COLISION CON DOS O MAS VEHICULOS;0;2;0;0
2022-10-12;10;AU FRONDIZI;ASCENDENTE;3100;BUENO;SECA;0;0;COLISION CON DOS O MAS VEHICULOS;0;0;0;2
2022-10-12;14;AV. CANTILO;ASCENDENTE;8500;BUENO;SECA;1;0;COLISION CON DOS O MAS VEHICULOS;1;1;0;0
2022-10-12;18;AU 25 DE MAYO;ASCENDENTE;8700;BUENO;SECA;1;0;COLISION CON DOS O MAS VEHICULOS;1;1;0;0
2022-10-13;7;AU 25 DE MAYO;ASCENDENTE;100;BUENO;SECA;1;0;COLISION CON DOS O MAS VEHICULOS;1;0;0;0
2022-10-13;9;AV. LUGONES;DESCENDENTE;8700;BUENO;SECA;1;0;COLISION CON DOS O MAS VEHICULOS;1;1;0;0
2022-10-13;12;AU 25 DE MAYO;DESCENDENTE;2400;BUENO;SECA;0;0;COLISION CON DOS O MAS VEHICULOS;0;4;0;0
2022-10-13;15;AU 25 DE MAYO;DESCENDENTE;4600;BUENO;SECA;1;0;COLISION CON DOS O MAS VEHICULOS;1;0;0;0
2022-10-13;16;AU PERITO MORENO;DESCENDENTE;400;BUENO;SECA;0;0;OBSTACULO NO FIJO;0;2;0;0
2022-10-13;18;AV. LUGONES;DESCENDENTE;6100;BUENO;SECA;0;0;COLISION CON DOS O MAS VEHICULOS;0;2;0;0
2022-10-13;21;AU 25 DE MAYO;DESCENDENTE;4800;BUENO;SECA;0;0;COLISION CON DOS O MAS VEHICULOS;0;1;0;1
2022-10-14;6;AU DELLEPIANE;DESCENDENTE;1100;BUENO;SECA;1;0;COLISION CON DOS O MAS VEHICULOS;0;2;0;0
2022-10-14;10;AV. CANTILO;ASCENDENTE;8800;BUENO;SECA;0;0;COLISION CON DOS O MAS VEHICULOS;0;2;0;0
2022-10-14;18;AU 25 DE MAYO;DESCENDENTE;500;BUENO;SECA;2;0;COLISION CON DOS O MAS VEHICULOS;2;1;0;0
2022-10-14;23;AU 25 DE MAYO;DESCENDENTE;4000;BUENO;SECA;2;0;COLISION CON DOS O MAS VEHICULOS;0;2;0;0
2022-10-15;22;AU CAMPORA;ASCENDENTE;2800;BUENO;MOJADA/HUMEDA;0;0;COLISION CON OBSTACULO FIJO;0;1;0;0
2022-10-16;6;AV. CANTILO;ASCENDENTE;10300;BUENO;SECA;0;0;COLISION CON OBSTACULO FIJO;0;1;0;0
2022-10-16;15;AV. LUGONES;DESCENDENTE;8600;BUENO;SECA;0;0;COLISION CON DOS O MAS VEHICULOS;1;1;0;0
2022-10-18;9;AU 25 DE MAYO;ASCENDENTE;1400;BUENO;SECA;0;0;OBSTACULO NO FIJO;1;1;0;0
2022-10-19;8;AU FRONDIZI;ASCENDENTE;0;BUENO;SECA;3;0;COLISION CON DOS O MAS VEHICULOS;0;2;0;0
2022-10-19;22;AU 25 DE MAYO;ASCENDENTE;7800;BUENO;SECA;0;0;COLISION CON OBSTACULO FIJO;0;0;0;1
2022-10-20;8;AU PERITO MORENO;DESCENDENTE;4300;BUENO;SECA;0;0;COLISION CON OBSTACULO FIJO;0;1;0;0
2022-10-20;15;AU PERITO MORENO;DESCENDENTE;2500;BUENO;SECA;0;0;COLISION CON DOS O MAS VEHICULOS;0;2;0;0
2022-10-20;17;AU FRONDIZI;ASCENDENTE;3000;BUENO;SECA;0;0;OBSTACULO NO FIJO;0;2;0;0
2022-10-21;1;AU ILLIA;ASCENDENTE;4000;BUENO;MOJADA/HUMEDA;0;0;OBSTACULO NO FIJO;0;1;0;0
2022-10-22;3;AV. LUGONES;DESCENDENTE;6000;LLUVIOSO;MOJADA/HUMEDA;0;0;COLISION CON OBSTACULO FIJO;0;1;0;0
2022-10-22;12;AU DELLEPIANE;DESCENDENTE;2700;BUENO;SECA;0;0;COLISION CON DOS O MAS VEHICULOS;0;4;0;0
2022-10-23;2;AU ILLIA;ASCENDENTE;3400;BUENO;SECA;0;0;COLISION CON OBSTACULO FIJO;0;1;0;0
2022-10-23;7;AU 25 DE MAYO;ASCENDENTE;1000;BUENO;SECA;0;0;COLISION CON DOS O MAS VEHICULOS;0;2;0;0
2022-10-24;13;TRANSICION RAMAL 2;RAMAL DE ENLACE;-;BUENO;SECA;1;0;COLISION CON OBSTACULO FIJO;0;1;0;0
2022-10-24;18;AU 25 DE MAYO;DESCENDENTE;1600;BUENO;SECA;0;0;COLISION CON DOS O MAS VEHICULOS;1;0;0;1
2022-10-25;6;AU PERITO MORENO;ASCENDENTE;5400;BUENO;SECA;0;0;COLISION CON OBSTACULO FIJO;0;0;0;1
2022-10-25;8;TRANSICION RAMAL 2;RAMAL DE ENLACE;-;BUENO;SECA;0;0;SINIESTRO DE UN SOLO VEHICULO / SIN COLISION;1;0;0;0
2022-10-26;5;AU PERITO MORENO;ASCENDENTE;4000;BUENO;SECA;0;0;OBSTACULO NO FIJO;0;1;0;0
2022-10-26;10;AV. LUGONES;DESCENDENTE;4800;BUENO;SECA;1;0;COLISION CON DOS O MAS VEHICULOS;1;2;0;0
2022-10-26;14;AU FRONDIZI;DESCENDENTE;3000;BUENO;SECA;0;0;COLISION CON DOS O MAS VEHICULOS;1;1;0;0
2022-10-26;17;AU 25 DE MAYO;DESCENDENTE;900;BUENO;SECA;1;0;COLISION CON DOS O MAS VEHICULOS;1;1;0;0
2022-10-26;23;AV. CANTILO;ASCENDENTE;8700;BUENO;SECA;1;0;COLISION CON DOS O MAS VEHICULOS;0;1;0;1
2022-10-27;11;AU PERITO MORENO;ASCENDENTE;400;BUENO;SECA;1;0;COLISION CON DOS O MAS VEHICULOS;1;1;0;0
2022-10-27;16;AU DELLEPIANE;ASCENDENTE;3000;BUENO;SECA;0;0;COLISION CON DOS O MAS VEHICULOS;0;0;1;1
2022-10-27;18;AU 25 DE MAYO;ASCENDENTE;7800;BUENO;SECA;0;0;COLISION CON DOS O MAS VEHICULOS;0;1;0;0
2022-10-28;18;AU 25 DE MAYO;ASCENDENTE;8000;BUENO;SECA;0;0;COLISION CON DOS O MAS VEHICULOS;0;3;0;0
2022-10-28;22;AU DELLEPIANE;ASCENDENTE;3800;BUENO;SECA;1;0;COLISION CON DOS O MAS VEHICULOS;0;2;0;0
2022-10-29;7;AV. CANTILO;ASCENDENTE;9000;LLUVIOSO;MOJADA/HUMEDA;0;0;COLISION CON DOS O MAS VEHICULOS;0;1;0;0
2022-10-29;11;AU 25 DE MAYO;DESCENDENTE;2600;BUENO;SECA;0;0;COLISION CON DOS O MAS VEHICULOS;0;2;0;0
2022-10-29;17;AU ILLIA;ASCENDENTE;3700;BUENO;SECA;1;0;COLISION CON OBSTACULO FIJO;1;0;0;0
2022-10-30;5;AV. LUGONES;DESCENDENTE;4700;BUENO;SECA;0;0;COLISION CON DOS O MAS VEHICULOS;0;1;0;0
2022-10-30;6;AU 25 DE MAYO;DESCENDENTE;7900;BUENO;SECA;0;0;COLISION CON OBSTACULO FIJO;0;1;0;0
2022-10-30;12;AV. LUGONES;DESCENDENTE;8900;LLUVIOSO;MOJADA/HUMEDA;0;0;COLISION CON OBSTACULO FIJO;0;1;0;0
2022-10-31;7;AU DELLEPIANE;ASCENDENTE;500;BUENO;SECA;0;0;COLISION CON DOS O MAS VEHICULOS;0;2;0;0
2022-11-01;6;AU DELLEPIANE;ASCENDENTE;4300;BUENO;SECA;0;0;COLISION CON OBSTACULO FIJO;0;1;0;0
2022-11-01;9;AU DELLEPIANE;ASCENDENTE;2900;BUENO;SECA;0;0;COLISION CON DOS O MAS VEHICULOS;0;2;0;0
2022-11-01;12;AU DELLEPIANE;ASCENDENTE;2500;BUENO;SECA;0;0;COLISION CON DOS O MAS VEHICULOS;0;2;0;0
2022-11-02;7;AU 25 DE MAYO;DESCENDENTE;5400;BUENO;SECA;0;0;COLISION CON DOS O MAS VEHICULOS;0;2;0;0
2022-11-02;17;AU FRONDIZI;ASCENDENTE;3200;BUENO;SECA;1;0;COLISION CON DOS O MAS VEHICULOS;1;1;0;0
2022-11-03;7;AU 25 DE MAYO;ASCENDENTE;100;BUENO;SECA;0;0;COLISION CON DOS O MAS VEHICULOS;1;1;0;0
2022-11-03;10;AU DELLEPIANE;ASCENDENTE;2800;BUENO;SECA;0;0;COLISION CON DOS O MAS VEHICULOS;0;1;0;0
2022-11-03;12;AU DELLEPIANE;ASCENDENTE;2800;BUENO;SECA;0;0;COLISION CON DOS O MAS VEHICULOS;0;3;0;0
2022-11-03;17;AU DELLEPIANE;DESCENDENTE;3000;BUENO;SECA;0;0;COLISION CON DOS O MAS VEHICULOS;1;2;0;0
2022-11-03;18;AU 25 DE MAYO;DESCENDENTE;6600;BUENO;SECA;1;0;COLISION CON DOS O MAS VEHICULOS;1;4;0;0
2022-11-04;8;AU DELLEPIANE;DESCENDENTE;4300;BUENO;SECA;0;0;COLISION CON DOS O MAS VEHICULOS;0;2;0;0
2022-11-04;12;AV. LUGONES;DESCENDENTE;4500;BUENO;SECA;0;0;COLISION CON DOS O MAS VEHICULOS;1;1;0;0
2022-11-04;14;AU ILLIA;ASCENDENTE;4300;BUENO;SECA;0;0;COLISION CON OBSTACULO FIJO;0;1;0;0
2022-11-04;14;AU 25 DE MAYO;DESCENDENTE;900;BUENO;SECA;1;0;SINIESTRO DE UN SOLO VEHICULO / SIN COLISION;1;0;0;0
2022-11-04;16;AU PERITO MORENO;DESCENDENTE;800;BUENO;SECA;0;0;COLISION CON DOS O MAS VEHICULOS;0;1;0;0
2022-11-04;17;AV. LUGONES;DESCENDENTE;8800;BUENO;SECA;0;0;COLISION CON DOS O MAS VEHICULOS;0;2;0;0
2022-11-05;20;AU DELLEPIANE;ASCENDENTE;1000;BUENO;SECA;0;0;COLISION CON DOS O MAS VEHICULOS;0;2;0;0
2022-11-07;9;AV. LUGONES;DESCENDENTE;6000;BUENO;SECA;1;0;COLISION CON DOS O MAS VEHICULOS;1;1;0;0
2022-11-08;15;AU 25 DE MAYO;DESCENDENTE;4600;BUENO;SECA;0;0;COLISION CON DOS O MAS VEHICULOS;0;2;0;1
2022-11-08;19;AU PERITO MORENO;DESCENDENTE;1100;BUENO;SECA;0;0;COLISION CON DOS O MAS VEHICULOS;0;1;0;0
2022-11-09;7;AV. LUGONES;DESCENDENTE;8500;BUENO;SECA;0;0;COLISION CON DOS O MAS VEHICULOS;0;1;0;0
2022-11-09;9;AV. CANTILO;ASCENDENTE;9000;BUENO;SECA;0;0;OBSTACULO NO FIJO;0;1;0;0
2022-11-09;20;AU PERITO MORENO;ASCENDENTE;3000;BUENO;SECA;0;0;COLISION CON DOS O MAS VEHICULOS;0;2;0;0
2022-11-09;21;AU CAMPORA;DESCENDENTE;1600;BUENO;SECA;1;0;OBSTACULO NO FIJO;1;0;0;0
2022-11-10;6;AU 25 DE MAYO;ASCENDENTE;1100;BUENO;SECA;1;0;COLISION CON DOS O MAS VEHICULOS;1;1;0;0
2022-11-10;8;AU DELLEPIANE;ASCENDENTE;4200;BUENO;SECA;1;0;COLISION CON DOS O MAS VEHICULOS;1;1;0;0
2022-11-10;22;AU DELLEPIANE;ASCENDENTE;3500;BUENO;SECA;1;0;COLISION CON DOS O MAS VEHICULOS;0;1;0;1
2022-11-11;2;TRANSICION RAMAL 2;RAMAL DE ENLACE;-;BUENO;SECA;0;0;COLISION CON OBSTACULO FIJO;0;1;0;1
2022-11-11;21;AU DELLEPIANE;DESCENDENTE;3800;BUENO;SECA;2;0;COLISION CON DOS O MAS VEHICULOS;1;1;0;0
2022-11-11;23;PASEO DEL BAJO;DESCENDENTE;2700;BUENO;SECA;0;0;COLISION CON DOS O MAS VEHICULOS;0;0;0;2
2022-11-12;4;AU ILLIA;ASCENDENTE;4000;BUENO;SECA;3;0;COLISION CON OBSTACULO FIJO;0;1;0;0
2022-11-13;7;AU PERITO MORENO;DESCENDENTE;5500;BUENO;SECA;0;0;COLISION CON OBSTACULO FIJO;0;0;1;0
2022-11-13;21;DIST. DELLEPIANE;RAMAL 11;-;LLUVIOSO;MOJADA/HUMEDA;0;0;COLISION CON OBSTACULO FIJO;0;1;0;0
2022-11-13;21;AU ILLIA;ASCENDENTE;5500;LLUVIOSO;MOJADA/HUMEDA;0;0;COLISION CON OBSTACULO FIJO;0;1;0;0
2022-11-14;7;AU ILLIA;DESCENDENTE;2400;BUENO;MOJADA/HUMEDA;0;0;COLISION CON OBSTACULO FIJO;0;0;0;1
2022-11-14;11;AU FRONDIZI;DESCENDENTE;1000;BUENO;SECA;0;0;COLISION CON DOS O MAS VEHICULOS;0;1;0;1
2022-11-14;14;AV. CANTILO;ASCENDENTE;8000;BUENO;SECA;2;0;COLISION CON DOS O MAS VEHICULOS;0;2;0;1
2022-11-14;15;AU CAMPORA;ASCENDENTE;3000;LLUVIOSO;MOJADA/HUMEDA;1;0;COLISION CON DOS O MAS VEHICULOS;1;1;0;0
2022-11-15;7;AU DELLEPIANE;ASCENDENTE;3000;BUENO;SECA;0;0;COLISION CON DOS O MAS VEHICULOS;0;2;0;1
2022-11-15;13;AV. CANTILO;ASCENDENTE;8500;BUENO;SECA;0;0;COLISION CON DOS O MAS VEHICULOS;0;2;0;0
2022-11-15;19;AU 25 DE MAYO;DESCENDENTE;2000;BUENO;SECA;1;0;COLISION CON DOS O MAS VEHICULOS;1;1;0;0
2022-11-18;7;AU 25 DE MAYO;ASCENDENTE;3500;BUENO;SECA;0;0;OBSTACULO NO FIJO;1;1;0;0
2022-11-18;20;AU PERITO MORENO;DESCENDENTE;5800;BUENO;SECA;1;0;SINIESTRO DE UN SOLO VEHICULO / SIN COLISION;1;0;0;0
2022-11-19;2;AU 25 DE MAYO;DESCENDENTE;8500;BUENO;SECA;1;0;COLISION CON DOS O MAS VEHICULOS;1;1;0;0
2022-11-19;10;AU PERITO MORENO;DESCENDENTE;3300;BUENO;SECA;0;0;COLISION CON DOS O MAS VEHICULOS;0;2;0;0
2022-11-19;13;AU PERITO MORENO;DESCENDENTE;1500;BUENO;SECA;0;0;COLISION CON DOS O MAS VEHICULOS;0;1;0;1
2022-11-19;18;AU DELLEPIANE;DESCENDENTE;3500;BUENO;SECA;0;0;COLISION CON OBSTACULO FIJO;0;0;0;1
2022-11-20;6;AU PERITO MORENO;ASCENDENTE;5300;BUENO;SECA;0;0;COLISION CON OBSTACULO FIJO;0;1;0;0
2022-11-20;22;AU PERITO MORENO;ASCENDENTE;3300;LLUVIOSO;MOJADA/HUMEDA;3;1;COLISION CON DOS O MAS VEHICULOS;0;2;0;0
2022-11-22;9;AU 25 DE MAYO;ASCENDENTE;4100;BUENO;SECA;1;0;SINIESTRO DE UN SOLO VEHICULO / SIN COLISION;1;0;0;0
2022-11-22;11;AU 25 DE MAYO;DESCENDENTE;4500;BUENO;SECA;0;0;OBSTACULO NO FIJO;0;2;0;0
2022-11-22;20;AU 25 DE MAYO;DESCENDENTE;5500;BUENO;SECA;0;0;COLISION CON OBSTACULO FIJO;0;1;0;0
2022-11-23;0;AU 25 DE MAYO;DESCENDENTE;0;BUENO;SECA;0;0;COLISION CON DOS O MAS VEHICULOS;0;1;0;1
2022-11-23;12;AV. LUGONES;DESCENDENTE;8300;BUENO;SECA;0;0;COLISION CON DOS O MAS VEHICULOS;0;2;0;0
2022-11-23;14;AU DELLEPIANE;ASCENDENTE;3000;BUENO;SECA;0;0;OBSTACULO NO FIJO;0;1;0;0
2022-11-23;14;AU DELLEPIANE;DESCENDENTE;2500;BUENO;SECA;1;0;COLISION CON DOS O MAS VEHICULOS;0;2;0;0
2022-11-23;19;AU DELLEPIANE;DESCENDENTE;1800;BUENO;SECA;0;0;COLISION CON DOS O MAS VEHICULOS;0;2;0;0
2022-11-24;7;AU ILLIA;DESCENDENTE;2200;BUENO;SECA;1;0;COLISION CON DOS O MAS VEHICULOS;0;2;0;0
2022-11-24;15;PASEO DEL BAJO;ASCENDENTE;1500;BUENO;SECA;0;0;COLISION CON DOS O MAS VEHICULOS;0;0;0;2
2022-11-24;15;AU FRONDIZI;DESCENDENTE;2000;BUENO;SECA;1;0;COLISION CON OBSTACULO FIJO;1;0;0;0
2022-11-24;17;AV. LUGONES;DESCENDENTE;7400;BUENO;SECA;1;0;SINIESTRO DE UN SOLO VEHICULO / SIN COLISION;0;0;0;1
2022-11-25;7;AU ILLIA;DESCENDENTE;400;BUENO;SECA;1;0;COLISION CON DOS O MAS VEHICULOS;2;0;0;0
2022-11-25;14;AV. LUGONES;DESCENDENTE;8500;BUENO;SECA;0;0;COLISION CON DOS O MAS VEHICULOS;0;3;0;0
2022-11-25;14;AV. LUGONES;DESCENDENTE;9800;BUENO;SECA;0;0;COLISION CON DOS O MAS VEHICULOS;2;0;0;0
2022-11-25;17;AU PERITO MORENO;DESCENDENTE;3400;BUENO;SECA;0;0;SINIESTRO DE UN SOLO VEHICULO / SIN COLISION;1;0;0;0
2022-11-25;18;AU 25 DE MAYO;ASCENDENTE;5400;BUENO;SECA;0;0;COLISION CON OBSTACULO FIJO;0;1;0;0
2022-11-26;16;AU FRONDIZI;DESCENDENTE;3000;BUENO;SECA;1;0;OBSTACULO NO FIJO;1;0;0;1
2022-11-26;21;AU FRONDIZI;ASCENDENTE;3400;BUENO;SECA;0;0;COLISION CON DOS O MAS VEHICULOS;0;3;0;0
2022-11-26;22;AU FRONDIZI;ASCENDENTE;3400;BUENO;SECA;0;0;COLISION CON DOS O MAS VEHICULOS;0;2;0;0
2022-11-27;8;AU FRONDIZI;DESCENDENTE;2800;BUENO;SECA;0;0;COLISION CON OBSTACULO FIJO;0;1;0;0
2022-11-27;14;AU FRONDIZI;DESCENDENTE;3100;BUENO;SECA;0;0;COLISION CON OBSTACULO FIJO;0;1;0;0
2022-11-29;9;TRANSICION RAMAL 2;RAMAL DE ENLACE;700;BUENO;SECA;2;0;SINIESTRO DE UN SOLO VEHICULO / SIN COLISION;1;0;0;0
2022-11-29;18;AU FRONDIZI;DESCENDENTE;3300;BUENO;SECA;0;0;COLISION CON DOS O MAS VEHICULOS;1;1;0;0
2022-11-30;8;AU DELLEPIANE;ASCENDENTE;3400;BUENO;SECA;1;0;SINIESTRO DE UN SOLO VEHICULO / SIN COLISION;1;0;0;0
2022-11-30;9;AU ILLIA;DESCENDENTE;900;BUENO;SECA;0;0;COLISION CON DOS O MAS VEHICULOS;0;3;0;0
2022-11-30;12;AU DELLEPIANE;DESCENDENTE;3400;BUENO;SECA;1;0;COLISION CON OBSTACULO FIJO;1;0;0;0
2022-11-30;12;DIST. 9 DE JULIO;RAMAL 3;-;BUENO;SECA;1;0;SINIESTRO DE UN SOLO VEHICULO / SIN COLISION;1;0;0;0
2022-11-30;15;AU PERITO MORENO;ASCENDENTE;2900;BUENO;SECA;0;0;COLISION CON OBSTACULO FIJO;0;1;0;0
2022-11-30;19;AU 25 DE MAYO;DESCENDENTE;9000;BUENO;SECA;0;0;COLISION CON OBSTACULO FIJO;0;1;0;0
2022-12-02;6;AU PERITO MORENO;ASCENDENTE;5600;BUENO;SECA;0;0;OBSTACULO NO FIJO;0;1;0;0
2022-12-02;12;AU FRONDIZI;ASCENDENTE;100;BUENO;SECA;0;0;OBSTACULO NO FIJO;1;1;0;0
2022-12-02;16;AU DELLEPIANE;DESCENDENTE;2800;BUENO;SECA;0;0;COLISION CON DOS O MAS VEHICULOS;0;4;0;0
2022-12-02;16;TRANSICION RAMAL 3;RAMAL DE ENLACE;-;BUENO;SECA;0;0;COLISION CON OBSTACULO FIJO;1;0;0;0
2022-12-03;6;AU PERITO MORENO;DESCENDENTE;900;BUENO;SECA;0;0;COLISION CON OBSTACULO FIJO;0;3;0;0
2022-12-03;6;AU PERITO MORENO;ASCENDENTE;5500;BUENO;SECA;0;0;COLISION CON DOS O MAS VEHICULOS;0;1;0;1
2022-12-03;8;AV. CANTILO;ASCENDENTE;9200;BUENO;SECA;0;0;COLISION CON DOS O MAS VEHICULOS;0;3;0;0
2022-12-03;15;AU 25 DE MAYO;ASCENDENTE;1700;BUENO;SECA;0;0;OBSTACULO NO FIJO;0;1;0;0
2022-12-04;8;AU DELLEPIANE;ASCENDENTE;4600;BUENO;SECA;0;0;COLISION CON DOS O MAS VEHICULOS;0;1;0;0
2022-12-05;0;AU 25 DE MAYO;DESCENDENTE;6800;BUENO;SECA;0;0;COLISION CON OBSTACULO FIJO;0;1;0;0
2022-12-05;10;AU PERITO MORENO;ASCENDENTE;500;BUENO;SECA;0;0;COLISION CON DOS O MAS VEHICULOS;0;1;0;1
2022-12-05;10;AU 25 DE MAYO;ASCENDENTE;100;BUENO;SECA;1;0;SINIESTRO DE UN SOLO VEHICULO / SIN COLISION;1;0;0;0
2022-12-05;12;AV. LUGONES;DESCENDENTE;4500;BUENO;SECA;0;0;COLISION CON DOS O MAS VEHICULOS;0;2;0;0
2022-12-05;14;AU 25 DE MAYO;DESCENDENTE;8700;BUENO;SECA;1;0;OBSTACULO NO FIJO;1;0;0;2
2022-12-05;18;AU 25 DE MAYO;DESCENDENTE;400;BUENO;SECA;0;0;COLISION CON DOS O MAS VEHICULOS;1;1;0;0
2022-12-06;6;AU 25 DE MAYO;ASCENDENTE;7400;BUENO;SECA;1;0;COLISION CON DOS O MAS VEHICULOS;1;1;0;0
2022-12-06;10;AU ILLIA;DESCENDENTE;2400;BUENO;SECA;2;0;COLISION CON DOS O MAS VEHICULOS;1;1;0;0
2022-12-06;20;AV. CANTILO;ASCENDENTE;8600;BUENO;SECA;1;0;COLISION CON DOS O MAS VEHICULOS;1;1;0;0
2022-12-07;7;AV. LUGONES;DESCENDENTE;8900;BUENO;SECA;0;0;COLISION CON DOS O MAS VEHICULOS;0;2;0;1
2022-12-07;10;AU DELLEPIANE;ASCENDENTE;4100;BUENO;SECA;0;0;COLISION CON DOS O MAS VEHICULOS;0;2;0;0
2022-12-07;11;AV. LUGONES;DESCENDENTE;9500;BUENO;SECA;1;0;SINIESTRO DE UN SOLO VEHICULO / SIN COLISION;1;0;0;0
2022-12-07;15;AU FRONDIZI;DESCENDENTE;1400;BUENO;SECA;1;0;SINIESTRO DE UN SOLO VEHICULO / SIN COLISION;1;0;0;0
2022-12-07;15;AU PERITO MORENO;ASCENDENTE;2700;BUENO;SECA;0;1;COLISION CON OBSTACULO FIJO;1;0;0;0
2022-12-08;14;AU PERITO MORENO;DESCENDENTE;1500;BUENO;SECA;0;0;COLISION CON OBSTACULO FIJO;0;1;0;0
2022-12-08;22;AU DELLEPIANE;DESCENDENTE;600;BUENO;SECA;0;0;COLISION CON DOS O MAS VEHICULOS;1;1;0;0
2022-12-09;13;AU PERITO MORENO;DESCENDENTE;2000;BUENO;SECA;1;0;COLISION CON OBSTACULO FIJO;0;1;0;0
2022-12-09;21;AU ILLIA;ASCENDENTE;4200;LLUVIOSO;MOJADA/HUMEDA;0;0;COLISION CON OBSTACULO FIJO;0;1;0;0
2022-12-12;8;AU DELLEPIANE;ASCENDENTE;1100;BUENO;SECA;0;0;COLISION CON DOS O MAS VEHICULOS;0;1;0;0
2022-12-12;10;AU 25 DE MAYO;ASCENDENTE;4700;BUENO;SECA;1;0;COLISION CON DOS O MAS VEHICULOS;1;1;0;0
2022-12-12;13;AU 25 DE MAYO;ASCENDENTE;9000;BUENO;SECA;1;0;COLISION CON OBSTACULO FIJO;1;0;0;0
2022-12-13;13;AU ILLIA;DESCENDENTE;1200;BUENO;SECA;0;0;COLISION CON DOS O MAS VEHICULOS;0;2;0;0
2022-12-13;15;AU FRONDIZI;DESCENDENTE;2000;BUENO;SECA;0;0;COLISION CON DOS O MAS VEHICULOS;0;2;0;0
2022-12-14;14;AU 25 DE MAYO;ASCENDENTE;1000;BUENO;SECA;0;0;COLISION CON DOS O MAS VEHICULOS;0;2;0;0
2022-12-15;8;AU DELLEPIANE;ASCENDENTE;4500;BUENO;SECA;0;0;COLISION CON DOS O MAS VEHICULOS;0;1;0;1
2022-12-15;13;AU ILLIA;DESCENDENTE;2100;BUENO;SECA;0;0;OBSTACULO NO FIJO;0;1;1;0
2022-12-16;12;AU DELLEPIANE;ASCENDENTE;4100;BUENO;SECA;0;0;COLISION CON DOS O MAS VEHICULOS;1;1;0;0
2022-12-16;13;AU DELLEPIANE;DESCENDENTE;3000;BUENO;SECA;0;0;COLISION CON DOS O MAS VEHICULOS;0;1;0;0
2022-12-17;7;AU DELLEPIANE;DESCENDENTE;2300;BUENO;SECA;0;0;SINIESTRO DE UN SOLO VEHICULO / SIN COLISION;0;1;0;0
2022-12-17;11;AU 25 DE MAYO;DESCENDENTE;500;BUENO;SECA;2;0;COLISION CON DOS O MAS VEHICULOS;0;2;0;1
2022-12-17;21;AU DELLEPIANE;ASCENDENTE;3800;BUENO;SECA;3;0;COLISION CON DOS O MAS VEHICULOS;0;2;0;0
2022-12-18;15;AU 25 DE MAYO;ASCENDENTE;8000;BUENO;SECA;2;0;COLISION CON DOS O MAS VEHICULOS;0;2;0;0
2022-12-18;22;AU 25 DE MAYO;DESCENDENTE;8000;BUENO;SECA;0;0;COLISION CON DOS O MAS VEHICULOS;1;1;0;0
2022-12-18;22;AU FRONDIZI;ASCENDENTE;3100;BUENO;SECA;1;0;COLISION CON DOS O MAS VEHICULOS;0;4;0;0
2022-12-19;5;AU ILLIA;ASCENDENTE;3000;BUENO;SECA;1;0;COLISION CON OBSTACULO FIJO;1;0;0;0
2022-12-19;7;AU 25 DE MAYO;ASCENDENTE;200;BUENO;SECA;1;0;COLISION CON DOS O MAS VEHICULOS;1;1;0;0
2022-12-20;2;AU 25 DE MAYO;DESCENDENTE;7000;BUENO;SECA;2;0;SINIESTRO DE UN SOLO VEHICULO / SIN COLISION;1;0;0;0
2022-12-20;7;AU PERITO MORENO;ASCENDENTE;5300;BUENO;SECA;0;0;SINIESTRO DE UN SOLO VEHICULO / SIN COLISION;1;0;0;0
2022-12-21;8;AU PERITO MORENO;DESCENDENTE;3600;BUENO;SECA;0;0;OBSTACULO NO FIJO;0;1;0;1
2022-12-21;10;AU PERITO MORENO;DESCENDENTE;2700;BUENO;SECA;1;0;COLISION CON OBSTACULO FIJO;0;1;0;0
2022-12-21;10;AU DELLEPIANE;DESCENDENTE;2000;BUENO;SECA;0;0;COLISION CON DOS O MAS VEHICULOS;0;4;0;0
2022-12-21;19;AU DELLEPIANE;ASCENDENTE;2000;BUENO;SECA;5;0;COLISION CON DOS O MAS VEHICULOS;0;1;0;0
2022-12-22;9;AU 25 DE MAYO;DESCENDENTE;3700;BUENO;SECA;0;0;OBSTACULO NO FIJO;0;2;0;0
2022-12-22;9;AU 25 DE MAYO;ASCENDENTE;7900;BUENO;SECA;0;0;OBSTACULO NO FIJO;0;2;0;0
2022-12-22;13;AV. LUGONES;DESCENDENTE;9500;BUENO;SECA;0;0;COLISION CON DOS O MAS VEHICULOS;0;2;0;0
2022-12-22;15;AU DELLEPIANE;ASCENDENTE;1000;BUENO;SECA;0;0;COLISION CON DOS O MAS VEHICULOS;0;4;0;0
2022-12-22;17;AU 25 DE MAYO;DESCENDENTE;9000;BUENO;SECA;0;0;COLISION CON DOS O MAS VEHICULOS;0;2;0;0
2022-12-22;18;AU DELLEPIANE;DESCENDENTE;4500;BUENO;SECA;1;0;SINIESTRO DE UN SOLO VEHICULO / SIN COLISION;1;0;0;0
2022-12-23;8;AV. CANTILO;ASCENDENTE;10300;BUENO;SECA;0;0;COLISION CON DOS O MAS VEHICULOS;0;2;0;0
2022-12-23;9;AU DELLEPIANE;DESCENDENTE;2900;BUENO;SECA;1;0;SINIESTRO DE UN SOLO VEHICULO / SIN COLISION;1;0;0;0
2022-12-23;15;AU PERITO MORENO;ASCENDENTE;300;BUENO;SECA;0;0;SINIESTRO DE UN SOLO VEHICULO / SIN COLISION;1;0;0;0
2022-12-24;1;AU FRONDIZI;ASCENDENTE;1500;LLUVIOSO;MOJADA/HUMEDA;0;0;COLISION CON OBSTACULO FIJO;0;1;0;0
2022-12-24;5;AU PERITO MORENO;DESCENDENTE;4500;LLUVIOSO;MOJADA/HUMEDA;0;0;COLISION CON DOS O MAS VEHICULOS;0;2;0;0
2022-12-24;7;AV. CANTILO;ASCENDENTE;7800;BUENO;MOJADA/HUMEDA;0;0;COLISION CON DOS O MAS VEHICULOS;0;3;0;0
2022-12-25;3;AU 25 DE MAYO;ASCENDENTE;200;BUENO;SECA;0;0;COLISION CON DOS O MAS VEHICULOS;0;2;0;0
2022-12-26;7;AU FRONDIZI;ASCENDENTE;2400;BUENO;SECA;0;0;COLISION CON OBSTACULO FIJO;0;1;0;0
2022-12-26;9;AU 25 DE MAYO;DESCENDENTE;7700;BUENO;SECA;1;0;SINIESTRO DE UN SOLO VEHICULO / SIN COLISION;1;0;0;0
2022-12-26;9;AU 25 DE MAYO;DESCENDENTE;7400;BUENO;SECA;0;0;COLISION CON DOS O MAS VEHICULOS;0;1;0;1
2022-12-27;16;AV. CANTILO;ASCENDENTE;7100;BUENO;SECA;1;0;SINIESTRO DE UN SOLO VEHICULO / SIN COLISION;1;0;0;0
2022-12-28;7;AU ILLIA;DESCENDENTE;1500;BUENO;SECA;0;0;COLISION CON DOS O MAS VEHICULOS;0;2;0;0
2022-12-28;9;AU FRONDIZI;ASCENDENTE;3100;BUENO;SECA;1;0;COLISION CON DOS O MAS VEHICULOS;1;1;0;0
2022-12-28;9;AU CAMPORA;ASCENDENTE;3400;BUENO;SECA;0;0;OBSTACULO NO FIJO;0;1;0;1
2022-12-29;6;AU 25 DE MAYO;ASCENDENTE;8100;BUENO;SECA;0;0;COLISION CON OBSTACULO FIJO;1;0;0;0
2022-12-29;6;AU CAMPORA;ASCENDENTE;0;BUENO;SECA;1;0;COLISION CON DOS O MAS VEHICULOS;0;2;0;0
2022-12-29;11;AU 25 DE MAYO;ASCENDENTE;9000;BUENO;SECA;0;0;OBSTACULO NO FIJO;0;1;0;0
2022-12-30;12;AU DELLEPIANE;DESCENDENTE;2500;BUENO;SECA;0;0;COLISION CON DOS O MAS VEHICULOS;0;2;0;0
2022-12-30;13;AU 25 DE MAYO;DESCENDENTE;5600;BUENO;SECA;0;0;COLISION CON DOS O MAS VEHICULOS;0;3;0;0
2022-12-31;6;AU ILLIA;DESCENDENTE;2900;BUENO;SECA;1;0;OBSTACULO NO FIJO;1;1;0;0
